10.878592
22.807461
4.063859
26.791859
30.350451
6.668283
38.992767
90.351189
44.670059
84.341423
28.272816
87.122452
86.245369
17.434540
33.456337
54.418285
74.280823
61.286152
80.285942
5.057994
46.208229
76.084572
52.403408
14.553783
59.167175
9.415604
25.005209
94.655640
80.324173
85.809036
86.989716
91.202766
8.616493
91.053574
17.994625
38.966946
97.721855
56.987392
29.318130
42.391914
41.328819
57.590950
29.514370
27.574194
75.025490
62.970711
81.992477
49.306313
24.256859
62.278412
54.364307
70.465088
38.362991
6.767716
85.018875
97.530167
16.183319
10.024085
92.185799
96.507492
95.833115
79.175522
87.710258
4.449610
